
1 0 0 0 0 1 7.45058e-009 0 0 0 1 0 0.0025 0 0 1
1 0 0 0 0 1 7.45058e-009 0 0 0 1 0 0.0025 0 0 1
1 0 0 0 0 1 7.45058e-009 0 0 0 1 0 0.005 0 0 1
1 0 0 0 0 1 7.45058e-009 0 0 0 1 0 0.0025 0 0 1
1 0 0 0 0 1 7.45058e-009 0 0 0 1 0 0.005 0 0 1
1 0 0 0 0 1 7.45058e-009 0 0 0 1 0 0.005 0 0 1
1 0 0 0 0 1 7.45058e-009 0 0 0 1 0 0.0075 0 0 1
1 0 0 0 0 1 7.45058e-009 0 0 0 1 0 0.005 -0.00332595 0.00022173 1
1 0 0 0 0 1 7.45058e-009 0 0 0 1 0 0.005 0 0 1
1 0 0 0 0 1 7.45058e-009 0 0 0 1 0 0.005 0 0 1
1 0 0 0 0 1 7.45058e-009 0 0 0 1 0 0.0025 0 0 1
1 0 0 0 0 1 7.45058e-009 0 0 0 1 0 0.0025 0 0 1
1 0 0 0 0 1 7.45058e-009 0 0 0 1 0 0.0025 0 0 1
1 0 0 0 0 1 7.45058e-009 0 0 0 1 0 0.0025 0 0 1
1 0 0 0 0 1 7.45058e-009 0 0 0 1 0 0.0025 0 0 1
1 0 0 0 0 1 7.45058e-009 0 0 0 1 0 0.005 0 0 1
1 0 0 0 0 1 7.45058e-009 0 0 0 1 0 0.0025 0 0 1
1 0 0 0 0 1 7.45058e-009 0 0 0 1 0 0.0075 -0.00332595 0.00022173 1
1 0 0 0 0 1 7.45058e-009 0 0 0 1 0 0.0075 0 0 1
1 0 0 0 0 1 7.45058e-009 0 0 0 1 0 0.005 -0.00332595 0.00022173 1
1 0 0 0 0 1 7.45058e-009 0 0 0 1 0 0.0075 0 0 1
1 0 0 0 0 1 7.45058e-009 0 0 0 1 0 0.005 0 0 1
1 0 0 0 0 1 7.45058e-009 0 0 0 1 0 0.0075 -0.00332595 0.00022173 1
1 0 0 0 0 1 7.45058e-009 0 0 0 1 0 0.0075 -0.00332595 0.00022173 1
1 0 0 0 0 1 7.45058e-009 0 0 0 1 0 0.005 0 0 1
1 0 0 0 0 1 7.45058e-009 0 0 0 1 0 0.01 -0.00332595 0.00022173 1
1 0 0 0 0 1 7.45058e-009 0 0 0 1 0 0.0075 0 0 1
1 0 0 0 0 1 7.45058e-009 0 0 0 1 0 0.01 -0.00332595 0.00022173 1
1 0 0 0 0 1 7.45058e-009 0 0 0 1 0 0.015 -0.00332595 0.00022173 1
1 0 0 0 0 1 7.45058e-009 0 0 0 1 0 0.0125 0 0 1
1 0 0 0 0 1 7.45058e-009 0 0 0 1 0 0.0125 0 0 1
1 0 0 0 0 1 7.45058e-009 0 0 0 1 0 0.015 0 0 1
1 0 0 0 0 1 7.45058e-009 0 0 0 1 0 0.0175 0.00332595 -0.00022173 1
1 0 0 0 0 1 7.45058e-009 0 0 0 1 0 0.02 0 0 1
1 0 0 0 0 1 7.45058e-009 0 0 0 1 0 0.0225 0 0 1
1 0 0 0 0 1 7.45058e-009 0 0 0 1 0 0.02 0.00332595 -0.00022173 1
1 0 0 0 0 1 7.45058e-009 0 0 0 1 0 0.02 0 0 1
1 0 0 0 0 1 7.45058e-009 0 0 0 1 0 0.0225 0.00332595 -0.00022173 1
1 0 0 0 0 1 7.45058e-009 0 0 0 1 0 0.015 0 0 1
1 0 0 0 0 1 7.45058e-009 0 0 0 1 0 0.015 0 0 1
1 0 0 0 0 1 7.45058e-009 0 0 0 1 0 0.0125 0 0 1
1 0 0 0 0 1 7.45058e-009 0 0 0 1 0 0.005 0 0 1
1 0 0 0 0 1 7.45058e-009 0 0 0 1 0 0.0025 0 0 1
1 0 0 0 0 1 7.45058e-009 0 0 0 1 0 0.0025 0 0 1
1 0 0 0 0 1 7.45058e-009 0 0 0 1 0 -0.005 0.00332595 -0.00022173 1
1 0 0 0 0 1 7.45058e-009 0 0 0 1 0 -0.005 0 0 1
1 0 0 0 0 1 7.45058e-009 0 0 0 1 0 -0.01 0.00332595 -0.00022173 1
1 0 0 0 0 1 7.45058e-009 0 0 0 1 0 -0.01 0.00332595 -0.00022173 1
1 0 0 0 0 1 7.45058e-009 0 0 0 1 0 -0.0125 0 0 1
1 0 0 0 0 1 7.45058e-009 0 0 0 1 0 -0.015 0 0 1
1 0 0 0 0 1 7.45058e-009 0 0 0 1 0 -0.0175 0 0 1
1 0 0 0 0 1 7.45058e-009 0 0 0 1 0 -0.02 0 0 1
1 0 0 0 0 1 7.45058e-009 0 0 0 1 0 -0.025 0 0 1
1 0 0 0 0 1 7.45058e-009 0 0 0 1 0 -0.02 0 0 1
1 0 0 0 0 1 7.45058e-009 0 0 0 1 0 -0.0225 -0.00332595 0.00022173 1
1 0 0 0 0 1 7.45058e-009 0 0 0 1 0 -0.02 0 0 1
1 0 0 0 0 1 7.45058e-009 0 0 0 1 0 -0.025 -0.00332595 0.00022173 1
1 0 0 0 0 1 7.45058e-009 0 0 0 1 0 -0.025 -0.00332595 0.00022173 1
1 0 0 0 0 1 7.45058e-009 0 0 0 1 0 -0.0225 0 0 1
1 0 0 0 0 1 7.45058e-009 0 0 0 1 0 -0.025 -0.00332595 0.00022173 1
1 0 0 0 0 1 7.45058e-009 0 0 0 1 0 -0.0275 -0.00332595 0.00022173 1
1 0 0 0 0 1 7.45058e-009 0 0 0 1 0 -0.03 0 0 1
1 0 0 0 0 1 7.45058e-009 0 0 0 1 0 -0.0275 -0.00332595 0.00022173 1
1 0 0 0 0 1 7.45058e-009 0 0 0 1 0 -0.03 -0.00332595 0.00022173 1
1 0 0 0 0 1 7.45058e-009 0 0 0 1 0 -0.0325 -0.0066519 0.00044346 1
1 0 0 0 0 1 7.45058e-009 0 0 0 1 0 -0.03 0 0 1
1 0 0 0 0 1 7.45058e-009 0 0 0 1 0 -0.03 -0.00332595 0.00022173 1
1 0 0 0 0 1 7.45058e-009 0 0 0 1 0 -0.0325 -0.00332595 0.00022173 1
1 0 0 0 0 1 7.45058e-009 0 0 0 1 0 -0.0225 0 0 1
1 0 0 0 0 1 7.45058e-009 0 0 0 1 0 -0.025 -0.00332595 0.00022173 1
1 0 0 0 0 1 7.45058e-009 0 0 0 1 0 -0.02 0 0 1
1 0 0 0 0 1 7.45058e-009 0 0 0 1 0 -0.02 -0.00332595 0.00022173 1
1 0 0 0 0 1 7.45058e-009 0 0 0 1 0 -0.0175 0 0 1
1 0 0 0 0 1 7.45058e-009 0 0 0 1 0 -0.015 -0.00332595 0.00022173 1
1 0 0 0 0 1 7.45058e-009 0 0 0 1 0 -0.015 -0.00332595 0.00022173 1
1 0 0 0 0 1 7.45058e-009 0 0 0 1 0 -0.02 -0.00332595 0.00022173 1
1 0 0 0 0 1 7.45058e-009 0 0 0 1 0 -0.0175 -0.00332595 0.00022173 1
1 0 0 0 0 1 7.45058e-009 0 0 0 1 0 -0.015 0 0 1
1 0 0 0 0 1 7.45058e-009 0 0 0 1 0 -0.0125 -0.00332595 0.00022173 1
1 0 0 0 0 1 7.45058e-009 0 0 0 1 0 -0.0075 -0.00332595 0.00022173 1
1 0 0 0 0 1 7.45058e-009 0 0 0 1 0 -0.0025 0 0 1
1 0 0 0 0 1 7.45058e-009 0 0 0 1 0 0.0025 0 0 1
1 0 0 0 0 1 7.45058e-009 0 0 0 1 0 0.005 0 0 1
1 0 0 0 0 1 7.45058e-009 0 0 0 1 0 0.005 0 0 1
1 0 0 0 0 1 7.45058e-009 0 0 0 1 0 0.0125 -0.00332595 0.00022173 1
1 0 0 0 0 1 7.45058e-009 0 0 0 1 0 0.0125 -0.00332595 0.00022173 1
1 0 0 0 0 1 7.45058e-009 0 0 0 1 0 0.02 0 0 1
1 0 0 0 0 1 7.45058e-009 0 0 0 1 0 0.0225 -0.00332595 0.00022173 1
1 0 0 0 0 1 7.45058e-009 0 0 0 1 0 0.0925 -0.00332595 0.00022173 1
1 0 0 0 0 1 7.45058e-009 0 0 0 1 0 0.01 -0.00332595 0.00022173 1
1 0 0 0 0 1 7.45058e-009 0 0 0 1 0 0.01 0 0 1
1 0 0 0 0 1 7.45058e-009 0 0 0 1 0 0.025 0 0 1
1 0 0 0 0 1 7.45058e-009 0 0 0 1 0 0.0275 -0.00332595 0.00022173 1
1 0 0 0 0 1 7.45058e-009 0 0 0 1 0 0.0275 0 0 1
1 0 0 0 0 1 7.45058e-009 0 0 0 1 0 0.03 -0.00332595 0.00022173 1
1 0 0 0 0 1 7.45058e-009 0 0 0 1 0 0.0325 0 0 1
1 0 0 0 0 1 7.45058e-009 0 0 0 1 0 0.03 0 0 1
1 0 0 0 0 1 7.45058e-009 0 0 0 1 0 0.0325 0 0 1
1 0 0 0 0 1 7.45058e-009 0 0 0 1 0 0.0325 0.00332595 -0.00022173 1
1 0 0 0 0 1 7.45058e-009 0 0 0 1 0 0.03 0 0 1
1 0 0 0 0 1 7.45058e-009 0 0 0 1 0 0.0275 0.0066519 -0.00044346 1
1 0 0 0 0 1 7.45058e-009 0 0 0 1 0 0.0275 0 0 1
1 0 0 0 0 1 7.45058e-009 0 0 0 1 0 0.0275 0.00332595 -0.00022173 1
1 0 0 0 0 1 7.45058e-009 0 0 0 1 0 0.025 0.00332595 -0.00022173 1
1 0 0 0 0 1 7.45058e-009 0 0 0 1 0 0.0225 0.00332595 -0.00022173 1
1 0 0 0 0 1 7.45058e-009 0 0 0 1 0 0.0275 0.00332595 -0.00022173 1
1 0 0 0 0 1 7.45058e-009 0 0 0 1 0 0.025 0.0066519 -0.00044346 1
1 0 0 0 0 1 7.45058e-009 0 0 0 1 0 0.0225 0.00332595 -0.00022173 1
1 0 0 0 0 1 7.45058e-009 0 0 0 1 0 0.015 0.00332595 -0.00022173 1
1 0 0 0 0 1 7.45058e-009 0 0 0 1 0 0.01 0.0066519 -0.00044346 1
1 0 0 0 0 1 7.45058e-009 0 0 0 1 0 0.0075 0 0 1
1 0 0 0 0 1 7.45058e-009 0 0 0 1 0 0.0025 0 0 1
1 0 0 0 0 1 7.45058e-009 0 0 0 1 0 -0.005 0 0 1
1 0 0 0 0 1 7.45058e-009 0 0 0 1 0 -0.005 0 0 1
1 0 0 0 0 1 7.45058e-009 0 0 0 1 0 -0.01 0 0 1
1 0 0 0 0 1 7.45058e-009 0 0 0 1 0 -0.02 0.0066519 -0.00044346 1
1 0 0 0 0 1 7.45058e-009 0 0 0 1 0 -0.0275 0.00332595 -0.00022173 1
1 0 0 0 0 1 7.45058e-009 0 0 0 1 0 -0.03 0.00332595 -0.00022173 1
1 0 0 0 0 1 7.45058e-009 0 0 0 1 0 -0.03 0 0 1
1 0 0 0 0 1 7.45058e-009 0 0 0 1 0 -0.0425 0.0066519 -0.00044346 1
1 0 0 0 0 1 7.45058e-009 0 0 0 1 0 -0.045 0 0 1
1 0 0 0 0 1 7.45058e-009 0 0 0 1 0 -0.0375 0.00332595 -0.00022173 1
1 0 0 0 0 1 7.45058e-009 0 0 0 1 0 -0.0375 0.00332595 -0.00022173 1
1 0 0 0 0 1 7.45058e-009 0 0 0 1 0 -0.0375 0.00332595 -0.00022173 1
1 0 0 0 0 1 7.45058e-009 0 0 0 1 0 -0.0475 0 0 1
1 0 0 0 0 1 7.45058e-009 0 0 0 1 0 -0.045 0.00332595 -0.00022173 1
1 0 0 0 0 1 7.45058e-009 0 0 0 1 0 -0.04 0 0 1
1 0 0 0 0 1 7.45058e-009 0 0 0 1 0 -0.0375 0 0 1
1 0 0 0 0 1 7.45058e-009 0 0 0 1 0 -0.0375 0 0 1
1 0 0 0 0 1 7.45058e-009 0 0 0 1 0 -0.04 -0.00332595 0.00022173 1
1 0 0 0 0 1 7.45058e-009 0 0 0 1 0 -0.04 0 0 1
1 0 0 0 0 1 7.45058e-009 0 0 0 1 0 -0.0375 0 0 1
1 0 0 0 0 1 7.45058e-009 0 0 0 1 0 -0.0325 0 0 1
1 0 0 0 0 1 7.45058e-009 0 0 0 1 0 -0.0275 0.00332595 -0.00022173 1
1 0 0 0 0 1 7.45058e-009 0 0 0 1 0 -0.025 0.00332595 -0.00022173 1
1 0 0 0 0 1 7.45058e-009 0 0 0 1 0 -0.025 0.00332595 -0.00022173 1
1 0 0 0 0 1 7.45058e-009 0 0 0 1 0 -0.015 0.00332595 -0.00022173 1
1 0 0 0 0 1 7.45058e-009 0 0 0 1 0 -0.0125 0.00332595 -0.00022173 1
1 0 0 0 0 1 7.45058e-009 0 0 0 1 0 -0.0025 0 0 1
1 0 0 0 0 1 7.45058e-009 0 0 0 1 0 -0.0025 0 0 1
1 0 0 0 0 1 7.45058e-009 0 0 0 1 0 0.0075 0 0 1
1 0 0 0 0 1 7.45058e-009 0 0 0 1 0 0.0075 0 0 1
1 0 0 0 0 1 7.45058e-009 0 0 0 1 0 0.02 0 0 1
1 0 0 0 0 1 7.45058e-009 0 0 0 1 0 0.035 0 0 1
1 0 0 0 0 1 7.45058e-009 0 0 0 1 0 0.045 0.00332595 -0.00022173 1
1 0 0 0 0 1 7.45058e-009 0 0 0 1 0 0.055 0.00332595 -0.00022173 1
1 0 0 0 0 1 7.45058e-009 0 0 0 1 0 0.0625 0.0066519 -0.00044346 1
1 0 0 0 0 1 7.45058e-009 0 0 0 1 0 0.0625 0.0066519 -0.00044346 1
1 0 0 0 0 1 7.45058e-009 0 0 0 1 0 0.065 0.0066519 -0.00044346 1
1 0 0 0 0 1 7.45058e-009 0 0 0 1 0 0.06 0.00997785 -0.00066519 1
1 0 0 0 0 1 7.45058e-009 0 0 0 1 0 0.0575 0.0066519 -0.00044346 1
1 0 0 0 0 1 7.45058e-009 0 0 0 1 0 0.0525 0.0066519 -0.00044346 1
1 0 0 0 0 1 7.45058e-009 0 0 0 1 0 0.05 0.0066519 -0.00044346 1
1 0 0 0 0 1 7.45058e-009 0 0 0 1 0 0.0525 0.0066519 -0.00044346 1
1 0 0 0 0 1 7.45058e-009 0 0 0 1 0 0.0425 0.00332595 -0.00022173 1
1 0 0 0 0 1 7.45058e-009 0 0 0 1 0 0.04 0.00332595 -0.00022173 1
1 0 0 0 0 1 7.45058e-009 0 0 0 1 0 0.035 0.00332595 -0.00022173 1
1 0 0 0 0 1 7.45058e-009 0 0 0 1 0 0.03 0.00332595 -0.00022173 1
1 0 0 0 0 1 7.45058e-009 0 0 0 1 0 0.025 0.00332595 -0.00022173 1
1 0 0 0 0 1 7.45058e-009 0 0 0 1 0 0.025 0.00332595 -0.00022173 1
1 0 0 0 0 1 7.45058e-009 0 0 0 1 0 0.0175 0.00332595 -0.00022173 1
1 0 0 0 0 1 7.45058e-009 0 0 0 1 0 0.0125 0 0 1
1 0 0 0 0 1 7.45058e-009 0 0 0 1 0 0.0075 0.00332595 -0.00022173 1
1 0 0 0 0 1 7.45058e-009 0 0 0 1 0 0.0075 0 0 1
1 0 0 0 0 1 7.45058e-009 0 0 0 1 0 0.005 0 0 1
1 0 0 0 0 1 7.45058e-009 0 0 0 1 0 0.0025 0.00332595 -0.00022173 1
1 0 0 0 0 1 7.45058e-009 0 0 0 1 0 -0.005 0 0 1
1 0 0 0 0 1 7.45058e-009 0 0 0 1 0 -0.0225 0 0 1
1 0 0 0 0 1 7.45058e-009 0 0 0 1 0 -0.02 0 0 1
1 0 0 0 0 1 7.45058e-009 0 0 0 1 0 -0.025 0 0 1
1 0 0 0 0 1 7.45058e-009 0 0 0 1 0 -0.0275 -0.00332595 0.00022173 1
1 0 0 0 0 1 7.45058e-009 0 0 0 1 0 -0.03 -0.00332595 0.00022173 1
1 0 0 0 0 1 7.45058e-009 0 0 0 1 0 -0.0375 0 0 1
1 0 0 0 0 1 7.45058e-009 0 0 0 1 0 -0.04 0 0 1
1 0 0 0 0 1 7.45058e-009 0 0 0 1 0 -0.045 0 0 1
1 0 0 0 0 1 7.45058e-009 0 0 0 1 0 -0.0375 0.0066519 -0.00044346 1
1 0 0 0 0 1 7.45058e-009 0 0 0 1 0 -0.035 0.00332595 -0.00022173 1
1 0 0 0 0 1 7.45058e-009 0 0 0 1 0 -0.0425 0.00332595 -0.00022173 1
1 0 0 0 0 1 7.45058e-009 0 0 0 1 0 -0.0525 0.0066519 -0.00044346 1
1 0 0 0 0 1 7.45058e-009 0 0 0 1 0 -0.065 0.00332595 -0.00022173 1
1 0 0 0 0 1 7.45058e-009 0 0 0 1 0 -0.0775 0.0066519 -0.00044346 1
1 0 0 0 0 1 7.45058e-009 0 0 0 1 0 -0.0925 0.00997785 -0.00066519 1
1 0 0 0 0 1 7.45058e-009 0 0 0 1 0 -0.0725 0.00332595 -0.00022173 1
1 0 0 0 0 1 7.45058e-009 0 0 0 1 0 -0.0575 0.00332595 -0.00022173 1
1 0 0 0 0 1 7.45058e-009 0 0 0 1 0 -0.0425 0.00332595 -0.00022173 1
1 0 0 0 0 1 7.45058e-009 0 0 0 1 0 -0.04 0 0 1
1 0 0 0 0 1 7.45058e-009 0 0 0 1 0 -0.035 0.00332595 -0.00022173 1
1 0 0 0 0 1 7.45058e-009 0 0 0 1 0 -0.0225 0.00332595 -0.00022173 1
1 0 0 0 0 1 7.45058e-009 0 0 0 1 0 -0.0125 0 0 1
1 0 0 0 0 1 7.45058e-009 0 0 0 1 0 -0.0025 0 0 1
1 0 0 0 0 1 7.45058e-009 0 0 0 1 0 -0.0025 0 0 1
1 0 0 0 0 1 7.45058e-009 0 0 0 1 0 0.0025 0 0 1
1 0 0 0 0 1 7.45058e-009 0 0 0 1 0 0.0025 0 0 1
1 0 0 0 0 1 7.45058e-009 0 0 0 1 0 0.0075 0 0 1
1 0 0 0 0 1 7.45058e-009 0 0 0 1 0 0.0125 -0.00332595 0.00022173 1
1 0 0 0 0 1 7.45058e-009 0 0 0 1 0 0.02 0 0 1
1 0 0 0 0 1 7.45058e-009 0 0 0 1 0 0.0325 -0.00332595 0.00022173 1
1 0 0 0 0 1 7.45058e-009 0 0 0 1 0 0.0425 -0.00332595 0.00022173 1
1 0 0 0 0 1 7.45058e-009 0 0 0 1 0 0.0425 0 0 1
1 0 0 0 0 1 7.45058e-009 0 0 0 1 0 0.05 0.0066519 -0.00044346 1
1 0 0 0 0 1 7.45058e-009 0 0 0 1 0 0.0525 0.00332595 -0.00022173 1
1 0 0 0 0 1 7.45058e-009 0 0 0 1 0 0.06 0.00332595 -0.00022173 1
1 0 0 0 0 1 7.45058e-009 0 0 0 1 0 0.065 0.0066519 -0.00044346 1
1 0 0 0 0 1 7.45058e-009 0 0 0 1 0 0.065 0.00332595 -0.00022173 1
1 0 0 0 0 1 7.45058e-009 0 0 0 1 0 0.0675 0.0066519 -0.00044346 1
1 0 0 0 0 1 7.45058e-009 0 0 0 1 0 0.07 0.00997785 -0.00066519 1
1 0 0 0 0 1 7.45058e-009 0 0 0 1 0 0.0625 0.0066519 -0.00044346 1
1 0 0 0 0 1 7.45058e-009 0 0 0 1 0 0.06 0.00332595 -0.00022173 1
1 0 0 0 0 1 7.45058e-009 0 0 0 1 0 0.0575 0.0066519 -0.00044346 1
1 0 0 0 0 1 7.45058e-009 0 0 0 1 0 0.0425 0.0066519 -0.00044346 1
1 0 0 0 0 1 7.45058e-009 0 0 0 1 0 0.045 0.00332595 -0.00022173 1
1 0 0 0 0 1 7.45058e-009 0 0 0 1 0 0.0375 0.00332595 -0.00022173 1
1 0 0 0 0 1 7.45058e-009 0 0 0 1 0 0.0325 0.00332595 -0.00022173 1
1 0 0 0 0 1 7.45058e-009 0 0 0 1 0 0.0275 0.00332595 -0.00022173 1
1 0 0 0 0 1 7.45058e-009 0 0 0 1 0 0.0225 0.00332595 -0.00022173 1
1 0 0 0 0 1 7.45058e-009 0 0 0 1 0 0.02 0 0 1
1 0 0 0 0 1 7.45058e-009 0 0 0 1 0 0.02 0.00332595 -0.00022173 1
1 0 0 0 0 1 7.45058e-009 0 0 0 1 0 0.015 0 0 1
1 0 0 0 0 1 7.45058e-009 0 0 0 1 0 0.0175 0 0 1
1 0 0 0 0 1 7.45058e-009 0 0 0 1 0 0.0125 0 0 1
1 0 0 0 0 1 7.45058e-009 0 0 0 1 0 0.0125 0 0 1
1 0 0 0 0 1 7.45058e-009 0 0 0 1 0 0.01 0 0 1
1 0 0 0 0 1 7.45058e-009 0 0 0 1 0 0.01 0.00332595 -0.00022173 1
1 0 0 0 0 1 7.45058e-009 0 0 0 1 0 0.0025 0 0 1
1 0 0 0 0 1 7.45058e-009 0 0 0 1 0 0.0025 0 0 1
1 0 0 0 0 1 7.45058e-009 0 0 0 1 0 -0.01 0 0 1
1 0 0 0 0 1 7.45058e-009 0 0 0 1 0 -0.005 0.00332595 -0.00022173 1
1 0 0 0 0 1 7.45058e-009 0 0 0 1 0 -0.0125 0 0 1
1 0 0 0 0 1 7.45058e-009 0 0 0 1 0 -0.0175 0 0 1
1 0 0 0 0 1 7.45058e-009 0 0 0 1 0 -0.0275 0 0 1
1 0 0 0 0 1 7.45058e-009 0 0 0 1 0 -0.0375 -0.00332595 0.00022173 1
1 0 0 0 0 1 7.45058e-009 0 0 0 1 0 -0.045 -0.00332595 0.00022173 1
1 0 0 0 0 1 7.45058e-009 0 0 0 1 0 -0.05 -0.00997785 0.00066519 1
1 0 0 0 0 1 7.45058e-009 0 0 0 1 0 -0.0575 -0.00997785 0.00066519 1
1 0 0 0 0 1 7.45058e-009 0 0 0 1 0 -0.06 -0.00332595 0.00022173 1
1 0 0 0 0 1 7.45058e-009 0 0 0 1 0 -0.0525 -0.0066519 0.00044346 1
1 0 0 0 0 1 7.45058e-009 0 0 0 1 0 -0.05 -0.00332595 0.00022173 1
1 0 0 0 0 1 7.45058e-009 0 0 0 1 0 -0.05 -0.0066519 0.00044346 1
1 0 0 0 0 1 7.45058e-009 0 0 0 1 0 -0.045 -0.00332595 0.00022173 1
1 0 0 0 0 1 7.45058e-009 0 0 0 1 0 -0.04 -0.00332595 0.00022173 1
1 0 0 0 0 1 7.45058e-009 0 0 0 1 0 -0.04 -0.00332595 0.00022173 1
1 0 0 0 0 1 7.45058e-009 0 0 0 1 0 -0.05 0 0 1
1 0 0 0 0 1 7.45058e-009 0 0 0 1 0 -0.06 0 0 1
1 0 0 0 0 1 7.45058e-009 0 0 0 1 0 -0.0725 0.0066519 -0.00044346 1
1 0 0 0 0 1 7.45058e-009 0 0 0 1 0 -0.085 0.00332595 -0.00022173 1
1 0 0 0 0 1 7.45058e-009 0 0 0 1 0 -0.065 0.0066519 -0.00044346 1
1 0 0 0 0 1 7.45058e-009 0 0 0 1 0 -0.06 0.0066519 -0.00044346 1
1 0 0 0 0 1 7.45058e-009 0 0 0 1 0 -0.06 0.0133038 -0.00088692 1
1 0 0 0 0 1 7.45058e-009 0 0 0 1 0 -0.0625 0.00997785 -0.00066519 1
1 0 0 0 0 1 7.45058e-009 0 0 0 1 0 -0.0525 0.0133038 -0.00088692 1
1 0 0 0 0 1 7.45058e-009 0 0 0 1 0 -0.0475 0.0133038 -0.00088692 1
1 0 0 0 0 1 7.45058e-009 0 0 0 1 0 -0.045 0.0199557 -0.00133038 1
1 0 0 0 0 1 7.45058e-009 0 0 0 1 0 -0.0425 0.0133038 -0.00088692 1
1 0 0 0 0 1 7.45058e-009 0 0 0 1 0 -0.0375 0.0133038 -0.00088692 1
1 0 0 0 0 1 7.45058e-009 0 0 0 1 0 -0.0325 0.0066519 -0.00044346 1
1 0 0 0 0 1 7.45058e-009 0 0 0 1 0 -0.02 0.0066519 -0.00044346 1
1 0 0 0 0 1 7.45058e-009 0 0 0 1 0 -0.005 0 0 1
1 0 0 0 0 1 7.45058e-009 0 0 0 1 0 0.0025 0 0 1
1 0 0 0 0 1 7.45058e-009 0 0 0 1 0 0.0025 -0.00332595 0.00022173 1
1 0 0 0 0 1 7.45058e-009 0 0 0 1 0 0.005 -0.00332595 0.00022173 1
1 0 0 0 0 1 7.45058e-009 0 0 0 1 0 0.005 -0.00332595 0.00022173 1
1 0 0 0 0 1 7.45058e-009 0 0 0 1 0 0.005 -0.00332595 0.00022173 1
1 0 0 0 0 1 7.45058e-009 0 0 0 1 0 0.01 -0.00332595 0.00022173 1
1 0 0 0 0 1 7.45058e-009 0 0 0 1 0 0.0075 -0.00332595 0.00022173 1
1 0 0 0 0 1 7.45058e-009 0 0 0 1 0 0.005 -0.00332595 0.00022173 1
1 0 0 0 0 1 7.45058e-009 0 0 0 1 0 0.0075 -0.00332595 0.00022173 1
1 0 0 0 0 1 7.45058e-009 0 0 0 1 0 0.0125 -0.0066519 0.00044346 1
1 0 0 0 0 1 7.45058e-009 0 0 0 1 0 0.02 -0.00997785 0.00066519 1
1 0 0 0 0 1 7.45058e-009 0 0 0 1 0 0.015 -0.0066519 0.00044346 1
1 0 0 0 0 1 7.45058e-009 0 0 0 1 0 0.0175 -0.0066519 0.00044346 1
1 0 0 0 0 1 7.45058e-009 0 0 0 1 0 0.02 -0.00332595 0.00022173 1
1 0 0 0 0 1 7.45058e-009 0 0 0 1 0 0.0425 -0.0133038 0.00088692 1
1 0 0 0 0 1 7.45058e-009 0 0 0 1 0 0.0225 -0.00332595 0.00022173 1
1 0 0 0 0 1 7.45058e-009 0 0 0 1 0 0.025 -0.0066519 0.00044346 1
1 0 0 0 0 1 7.45058e-009 0 0 0 1 0 0.0275 -0.00332595 0.00022173 1
1 0 0 0 0 1 7.45058e-009 0 0 0 1 0 0.06 -0.0066519 0.00044346 1
1 0 0 0 0 1 7.45058e-009 0 0 0 1 0 0.065 -0.00332595 0.00022173 1
1 0 0 0 0 1 7.45058e-009 0 0 0 1 0 0.035 -0.00332595 0.00022173 1
1 0 0 0 0 1 7.45058e-009 0 0 0 1 0 0.035 -0.0066519 0.00044346 1
1 0 0 0 0 1 7.45058e-009 0 0 0 1 0 0.0775 -0.00332595 0.00022173 1
1 0 0 0 0 1 7.45058e-009 0 0 0 1 0 0.085 -0.00332595 0.00022173 1
1 0 0 0 0 1 7.45058e-009 0 0 0 1 0 0.095 0 0 1
1 0 0 0 0 1 7.45058e-009 0 0 0 1 0 0.1 0.00997785 -0.00066519 1
1 0 0 0 0 1 7.45058e-009 0 0 0 1 0 0.1 0.00997785 -0.00066519 1
1 0 0 0 0 1 7.45058e-009 0 0 0 1 0 0.0975 0.00332595 -0.00022173 1
1 0 0 0 0 1 7.45058e-009 0 0 0 1 0 0.0925 0.00997785 -0.00066519 1
1 0 0 0 0 1 7.45058e-009 0 0 0 1 0 0.085 0.0066519 -0.00044346 1
1 0 0 0 0 1 7.45058e-009 0 0 0 1 0 0.0875 0.00997785 -0.00066519 1
1 0 0 0 0 1 7.45058e-009 0 0 0 1 0 0.08 0.0066519 -0.00044346 1
1 0 0 0 0 1 7.45058e-009 0 0 0 1 0 0.07 0.0066519 -0.00044346 1
1 0 0 0 0 1 7.45058e-009 0 0 0 1 0 0.0625 0.0133038 -0.00088692 1
1 0 0 0 0 1 7.45058e-009 0 0 0 1 0 0.0575 0.0066519 -0.00044346 1
1 0 0 0 0 1 7.45058e-009 0 0 0 1 0 0.05 0.00332595 -0.00022173 1
1 0 0 0 0 1 7.45058e-009 0 0 0 1 0 0.0225 0.00332595 -0.00022173 1
1 0 0 0 0 1 7.45058e-009 0 0 0 1 0 0.0375 0.0066519 -0.00044346 1
1 0 0 0 0 1 7.45058e-009 0 0 0 1 0 0.035 0.00332595 -0.00022173 1
1 0 0 0 0 1 7.45058e-009 0 0 0 1 0 0.03 0.00332595 -0.00022173 1
1 0 0 0 0 1 7.45058e-009 0 0 0 1 0 0.025 0.00332595 -0.00022173 1
1 0 0 0 0 1 7.45058e-009 0 0 0 1 0 0.02 0 0 1
1 0 0 0 0 1 7.45058e-009 0 0 0 1 0 0.02 0 0 1
1 0 0 0 0 1 7.45058e-009 0 0 0 1 0 0.015 0.00332595 -0.00022173 1
1 0 0 0 0 1 7.45058e-009 0 0 0 1 0 0.01 0.00332595 -0.00022173 1
1 0 0 0 0 1 7.45058e-009 0 0 0 1 0 0.0075 0 0 1
1 0 0 0 0 1 7.45058e-009 0 0 0 1 0 -0.005 0 0 1
1 0 0 0 0 1 7.45058e-009 0 0 0 1 0 -0.0075 -0.00332595 0.00022173 1
1 0 0 0 0 1 7.45058e-009 0 0 0 1 0 -0.0175 -0.00332595 0.00022173 1
1 0 0 0 0 1 7.45058e-009 0 0 0 1 0 -0.0225 -0.0066519 0.00044346 1
1 0 0 0 0 1 7.45058e-009 0 0 0 1 0 -0.0375 -0.0133038 0.00088692 1
1 0 0 0 0 1 7.45058e-009 0 0 0 1 0 -0.025 -0.0066519 0.00044346 1
1 0 0 0 0 1 7.45058e-009 0 0 0 1 0 -0.0175 -0.0066519 0.00044346 1
1 0 0 0 0 1 7.45058e-009 0 0 0 1 0 -0.015 -0.00332595 0.00022173 1
1 0 0 0 0 1 7.45058e-009 0 0 0 1 0 -0.015 -0.0066519 0.00044346 1
1 0 0 0 0 1 7.45058e-009 0 0 0 1 0 -0.02 -0.00332595 0.00022173 1
1 0 0 0 0 1 7.45058e-009 0 0 0 1 0 -0.035 -0.00332595 0.00022173 1
1 0 0 0 0 1 7.45058e-009 0 0 0 1 0 -0.0425 -0.00332595 0.00022173 1
1 0 0 0 0 1 7.45058e-009 0 0 0 1 0 -0.0575 0 0 1
1 0 0 0 0 1 7.45058e-009 0 0 0 1 0 -0.055 -0.0066519 0.00044346 1
1 0 0 0 0 1 7.45058e-009 0 0 0 1 0 -0.065 -0.0066519 0.00044346 1
1 0 0 0 0 1 7.45058e-009 0 0 0 1 0 -0.0775 -0.00997785 0.00066519 1
1 0 0 0 0 1 7.45058e-009 0 0 0 1 0 -0.0875 -0.00997785 0.00066519 1
1 0 0 0 0 1 7.45058e-009 0 0 0 1 0 -0.1125 -0.00997785 0.00066519 1
1 0 0 0 0 1 7.45058e-009 0 0 0 1 0 -0.1 -0.00997785 0.00066519 1
1 0 0 0 0 1 7.45058e-009 0 0 0 1 0 -0.1 -0.0066519 0.00044346 1
1 0 0 0 0 1 7.45058e-009 0 0 0 1 0 -0.0825 -0.0066519 0.00044346 1
1 0 0 0 0 1 7.45058e-009 0 0 0 1 0 -0.085 -0.00332595 0.00022173 1
1 0 0 0 0 1 7.45058e-009 0 0 0 1 0 -0.0775 0 0 1
1 0 0 0 0 1 7.45058e-009 0 0 0 1 0 -0.0725 0.0066519 -0.00044346 1
1 0 0 0 0 1 7.45058e-009 0 0 0 1 0 -0.0625 0.00332595 -0.00022173 1
1 0 0 0 0 1 7.45058e-009 0 0 0 1 0 -0.0575 0.0066519 -0.00044346 1
1 0 0 0 0 1 7.45058e-009 0 0 0 1 0 -0.0575 0.0066519 -0.00044346 1
1 0 0 0 0 1 7.45058e-009 0 0 0 1 0 -0.05 0.0066519 -0.00044346 1
1 0 0 0 0 1 7.45058e-009 0 0 0 1 0 -0.0475 0.00997785 -0.00066519 1
1 0 0 0 0 1 7.45058e-009 0 0 0 1 0 -0.0425 0.0066519 -0.00044346 1
1 0 0 0 0 1 7.45058e-009 0 0 0 1 0 -0.035 0.0066519 -0.00044346 1
1 0 0 0 0 1 7.45058e-009 0 0 0 1 0 -0.0325 0.00997785 -0.00066519 1
1 0 0 0 0 1 7.45058e-009 0 0 0 1 0 -0.025 0.0066519 -0.00044346 1
1 0 0 0 0 1 7.45058e-009 0 0 0 1 0 -0.0175 0.0066519 -0.00044346 1
1 0 0 0 0 1 7.45058e-009 0 0 0 1 0 -0.015 0.00332595 -0.00022173 1
1 0 0 0 0 1 7.45058e-009 0 0 0 1 0 -0.005 0 0 1
1 0 0 0 0 1 7.45058e-009 0 0 0 1 0 -0.0025 0.00332595 -0.00022173 1
1 0 0 0 0 1 7.45058e-009 0 0 0 1 0 0.0025 0 0 1
1 0 0 0 0 1 7.45058e-009 0 0 0 1 0 0.005 0 0 1
1 0 0 0 0 1 7.45058e-009 0 0 0 1 0 0.0075 0 0 1
1 0 0 0 0 1 7.45058e-009 0 0 0 1 0 0.01 -0.00332595 0.00022173 1
1 0 0 0 0 1 7.45058e-009 0 0 0 1 0 0.01 0 0 1
1 0 0 0 0 1 7.45058e-009 0 0 0 1 0 0.0125 0 0 1
1 0 0 0 0 1 7.45058e-009 0 0 0 1 0 0.015 0 0 1
1 0 0 0 0 1 7.45058e-009 0 0 0 1 0 0.0175 0 0 1
1 0 0 0 0 1 7.45058e-009 0 0 0 1 0 0.015 0 0 1
1 0 0 0 0 1 7.45058e-009 0 0 0 1 0 0.0125 0 0 1
1 0 0 0 0 1 7.45058e-009 0 0 0 1 0 0.0125 -0.00332595 0.00022173 1
1 0 0 0 0 1 7.45058e-009 0 0 0 1 0 0.0125 0 0 1
1 0 0 0 0 1 7.45058e-009 0 0 0 1 0 0.015 0 0 1
1 0 0 0 0 1 7.45058e-009 0 0 0 1 0 0.0175 0 0 1
1 0 0 0 0 1 7.45058e-009 0 0 0 1 0 0.025 -0.00332595 0.00022173 1
1 0 0 0 0 1 7.45058e-009 0 0 0 1 0 0.0275 -0.00332595 0.00022173 1
1 0 0 0 0 1 7.45058e-009 0 0 0 1 0 0.0325 -0.00332595 0.00022173 1
1 0 0 0 0 1 7.45058e-009 0 0 0 1 0 0.0425 -0.00332595 0.00022173 1
1 0 0 0 0 1 7.45058e-009 0 0 0 1 0 0.045 -0.00332595 0.00022173 1
1 0 0 0 0 1 7.45058e-009 0 0 0 1 0 0.05 -0.00332595 0.00022173 1
1 0 0 0 0 1 7.45058e-009 0 0 0 1 0 0.0575 -0.00332595 0.00022173 1
1 0 0 0 0 1 7.45058e-009 0 0 0 1 0 0.06 -0.00997785 0.00066519 1
1 0 0 0 0 1 7.45058e-009 0 0 0 1 0 0.0625 -0.00332595 0.00022173 1
1 0 0 0 0 1 7.45058e-009 0 0 0 1 0 0.07 -0.0066519 0.00044346 1
1 0 0 0 0 1 7.45058e-009 0 0 0 1 0 0.0725 -0.0066519 0.00044346 1
1 0 0 0 0 1 7.45058e-009 0 0 0 1 0 0.08 -0.0066519 0.00044346 1
1 0 0 0 0 1 7.45058e-009 0 0 0 1 0 0.0775 -0.00997785 0.00066519 1
1 0 0 0 0 1 7.45058e-009 0 0 0 1 0 0.085 -0.0066519 0.00044346 1
1 0 0 0 0 1 7.45058e-009 0 0 0 1 0 0.0925 -0.0066519 0.00044346 1
1 0 0 0 0 1 7.45058e-009 0 0 0 1 0 0.0925 -0.0066519 0.00044346 1
1 0 0 0 0 1 7.45058e-009 0 0 0 1 0 0.085 -0.00997785 0.00066519 1
1 0 0 0 0 1 7.45058e-009 0 0 0 1 0 0.0925 -0.0066519 0.00044346 1
1 0 0 0 0 1 7.45058e-009 0 0 0 1 0 0.0925 -0.00997785 0.00066519 1
1 0 0 0 0 1 7.45058e-009 0 0 0 1 0 0.085 -0.00332595 0.00022173 1
1 0 0 0 0 1 7.45058e-009 0 0 0 1 0 0.0825 -0.0133038 0.00088692 1
1 0 0 0 0 1 7.45058e-009 0 0 0 1 0 0.0725 -0.0066519 0.00044346 1
1 0 0 0 0 1 7.45058e-009 0 0 0 1 0 0.0625 -0.00332595 0.00022173 1
1 0 0 0 0 1 7.45058e-009 0 0 0 1 0 0.0575 -0.00332595 0.00022173 1
1 0 0 0 0 1 7.45058e-009 0 0 0 1 0 0.0475 -0.00332595 0.00022173 1
1 0 0 0 0 1 7.45058e-009 0 0 0 1 0 0.0425 -0.00332595 0.00022173 1
1 0 0 0 0 1 7.45058e-009 0 0 0 1 0 0.03 -0.00332595 0.00022173 1
1 0 0 0 0 1 7.45058e-009 0 0 0 1 0 0.025 0 0 1
1 0 0 0 0 1 7.45058e-009 0 0 0 1 0 0.015 0 0 1
1 0 0 0 0 1 7.45058e-009 0 0 0 1 0 0.0075 0 0 1
1 0 0 0 0 1 7.45058e-009 0 0 0 1 0 0.0075 0 0 1
1 0 0 0 0 1 7.45058e-009 0 0 0 1 0 -0.0075 0 0 1
1 0 0 0 0 1 7.45058e-009 0 0 0 1 0 -0.01 0.00332595 -0.00022173 1
1 0 0 0 0 1 7.45058e-009 0 0 0 1 0 -0.0175 0 0 1
1 0 0 0 0 1 7.45058e-009 0 0 0 1 0 -0.025 0 0 1
1 0 0 0 0 1 7.45058e-009 0 0 0 1 0 -0.02 -0.0066519 0.00044346 1
1 0 0 0 0 1 7.45058e-009 0 0 0 1 0 -0.015 -0.00332595 0.00022173 1
1 0 0 0 0 1 7.45058e-009 0 0 0 1 0 -0.0175 -0.00332595 0.00022173 1
1 0 0 0 0 1 7.45058e-009 0 0 0 1 0 -0.015 0 0 1
1 0 0 0 0 1 7.45058e-009 0 0 0 1 0 -0.0175 -0.00332595 0.00022173 1
1 0 0 0 0 1 7.45058e-009 0 0 0 1 0 -0.03 -0.00332595 0.00022173 1
1 0 0 0 0 1 7.45058e-009 0 0 0 1 0 -0.0375 -0.0066519 0.00044346 1
1 0 0 0 0 1 7.45058e-009 0 0 0 1 0 -0.0525 -0.0066519 0.00044346 1
1 0 0 0 0 1 7.45058e-009 0 0 0 1 0 -0.06 -0.0066519 0.00044346 1
1 0 0 0 0 1 7.45058e-009 0 0 0 1 0 -0.07 -0.00997785 0.00066519 1
1 0 0 0 0 1 7.45058e-009 0 0 0 1 0 -0.0725 -0.0066519 0.00044346 1
1 0 0 0 0 1 7.45058e-009 0 0 0 1 0 -0.0925 -0.00332595 0.00022173 1
1 0 0 0 0 1 7.45058e-009 0 0 0 1 0 -0.1275 -0.00997785 0.00066519 1
1 0 0 0 0 1 7.45058e-009 0 0 0 1 0 -0.1225 0 0 1
1 0 0 0 0 1 7.45058e-009 0 0 0 1 0 -0.13 0.0066519 -0.00044346 1
1 0 0 0 0 1 7.45058e-009 0 0 0 1 0 -0.14 0.00997785 -0.00066519 1
1 0 0 0 0 1 7.45058e-009 0 0 0 1 0 -0.14 0.0166298 -0.00110865 1
1 0 0 0 0 1 7.45058e-009 0 0 0 1 0 -0.14 0.0166298 -0.00110865 1
1 0 0 0 0 1 7.45058e-009 0 0 0 1 0 -0.1325 0.00997785 -0.00066519 1
1 0 0 0 0 1 7.45058e-009 0 0 0 1 0 -0.135 0.0199557 -0.00133038 1
1 0 0 0 0 1 7.45058e-009 0 0 0 1 0 -0.1225 0.0133038 -0.00088692 1
1 0 0 0 0 1 7.45058e-009 0 0 0 1 0 -0.1075 0.0133038 -0.00088692 1
1 0 0 0 0 1 7.45058e-009 0 0 0 1 0 -0.0875 0.0166298 -0.00110865 1
1 0 0 0 0 1 7.45058e-009 0 0 0 1 0 -0.07 0.0133038 -0.00088692 1
1 0 0 0 0 1 7.45058e-009 0 0 0 1 0 -0.055 0.0133038 -0.00088692 1
1 0 0 0 0 1 7.45058e-009 0 0 0 1 0 -0.04 0.0133038 -0.00088692 1
1 0 0 0 0 1 7.45058e-009 0 0 0 1 0 -0.03 0.0133038 -0.00088692 1
1 0 0 0 0 1 7.45058e-009 0 0 0 1 0 -0.0125 0.0066519 -0.00044346 1
1 0 0 0 0 1 7.45058e-009 0 0 0 1 0 -0.01 0.0066519 -0.00044346 1
1 0 0 0 0 1 7.45058e-009 0 0 0 1 0 0.0025 0 0 1
1 0 0 0 0 1 7.45058e-009 0 0 0 1 0 0.005 0 0 1
1 0 0 0 0 1 7.45058e-009 0 0 0 1 0 0.0075 0 0 1
1 0 0 0 0 1 7.45058e-009 0 0 0 1 0 0.01 -0.00332595 0.00022173 1
1 0 0 0 0 1 7.45058e-009 0 0 0 1 0 0.015 0 0 1
1 0 0 0 0 1 7.45058e-009 0 0 0 1 0 0.025 -0.00332595 0.00022173 1
1 0 0 0 0 1 7.45058e-009 0 0 0 1 0 0.03 -0.0066519 0.00044346 1
1 0 0 0 0 1 7.45058e-009 0 0 0 1 0 0.0375 -0.00332595 0.00022173 1
1 0 0 0 0 1 7.45058e-009 0 0 0 1 0 0.0425 -0.0066519 0.00044346 1
1 0 0 0 0 1 7.45058e-009 0 0 0 1 0 0.05 -0.0066519 0.00044346 1
1 0 0 0 0 1 7.45058e-009 0 0 0 1 0 0.06 -0.00997785 0.00066519 1
1 0 0 0 0 1 7.45058e-009 0 0 0 1 0 0.0625 -0.0133038 0.00088692 1
1 0 0 0 0 1 7.45058e-009 0 0 0 1 0 0.0725 -0.00997785 0.00066519 1
1 0 0 0 0 1 7.45058e-009 0 0 0 1 0 0.075 -0.0166298 0.00110865 1
1 0 0 0 0 1 7.45058e-009 0 0 0 1 0 0.0775 -0.00997785 0.00066519 1
1 0 0 0 0 1 7.45058e-009 0 0 0 1 0 0.09 -0.0133038 0.00088692 1
1 0 0 0 0 1 7.45058e-009 0 0 0 1 0 0.1 -0.0133038 0.00088692 1
1 0 0 0 0 1 7.45058e-009 0 0 0 1 0 0.1 -0.00997785 0.00066519 1
1 0 0 0 0 1 7.45058e-009 0 0 0 1 0 0.0975 -0.0066519 0.00044346 1
1 0 0 0 0 1 7.45058e-009 0 0 0 1 0 0.1 -0.00997785 0.00066519 1
1 0 0 0 0 1 7.45058e-009 0 0 0 1 0 0.1025 0 0 1
1 0 0 0 0 1 7.45058e-009 0 0 0 1 0 0.0975 0 0 1
1 0 0 0 0 1 7.45058e-009 0 0 0 1 0 0.0975 0.0066519 -0.00044346 1
1 0 0 0 0 1 7.45058e-009 0 0 0 1 0 0.09 0.00332595 -0.00022173 1
1 0 0 0 0 1 7.45058e-009 0 0 0 1 0 0.1 0.00997785 -0.00066519 1
1 0 0 0 0 1 7.45058e-009 0 0 0 1 0 0.0775 0.00332595 -0.00022173 1
1 0 0 0 0 1 7.45058e-009 0 0 0 1 0 0.075 0.0066519 -0.00044346 1
1 0 0 0 0 1 7.45058e-009 0 0 0 1 0 0.07 0.00332595 -0.00022173 1
1 0 0 0 0 1 7.45058e-009 0 0 0 1 0 0.06 0.00997785 -0.00066519 1
1 0 0 0 0 1 7.45058e-009 0 0 0 1 0 0.055 0.00332595 -0.00022173 1
1 0 0 0 0 1 7.45058e-009 0 0 0 1 0 0.05 0.00332595 -0.00022173 1
1 0 0 0 0 1 7.45058e-009 0 0 0 1 0 0.045 0.00332595 -0.00022173 1
1 0 0 0 0 1 7.45058e-009 0 0 0 1 0 0.0325 0.00332595 -0.00022173 1
1 0 0 0 0 1 7.45058e-009 0 0 0 1 0 0.015 0 0 1
1 0 0 0 0 1 7.45058e-009 0 0 0 1 0 0.0175 0 0 1
1 0 0 0 0 1 7.45058e-009 0 0 0 1 0 0.01 0 0 1
1 0 0 0 0 1 7.45058e-009 0 0 0 1 0 0.005 0 0 1
1 0 0 0 0 1 7.45058e-009 0 0 0 1 0 -0.01 0 0 1
1 0 0 0 0 1 7.45058e-009 0 0 0 1 0 -0.01 0 0 1
1 0 0 0 0 1 7.45058e-009 0 0 0 1 0 -0.0175 0 0 1
1 0 0 0 0 1 7.45058e-009 0 0 0 1 0 -0.015 0 0 1
1 0 0 0 0 1 7.45058e-009 0 0 0 1 0 -0.025 0 0 1
1 0 0 0 0 1 7.45058e-009 0 0 0 1 0 -0.03 0 0 1
1 0 0 0 0 1 7.45058e-009 0 0 0 1 0 -0.0375 -0.00332595 0.00022173 1
1 0 0 0 0 1 7.45058e-009 0 0 0 1 0 -0.04 0 0 1
1 0 0 0 0 1 7.45058e-009 0 0 0 1 0 -0.045 0 0 1
1 0 0 0 0 1 7.45058e-009 0 0 0 1 0 -0.05 0 0 1
1 0 0 0 0 1 7.45058e-009 0 0 0 1 0 -0.055 0 0 1
1 0 0 0 0 1 7.45058e-009 0 0 0 1 0 -0.0525 0 0 1
1 0 0 0 0 1 7.45058e-009 0 0 0 1 0 -0.0625 0 0 1
1 0 0 0 0 1 7.45058e-009 0 0 0 1 0 -0.065 0.0066519 -0.00044346 1
1 0 0 0 0 1 7.45058e-009 0 0 0 1 0 -0.07 0.00332595 -0.00022173 1
1 0 0 0 0 1 7.45058e-009 0 0 0 1 0 -0.075 0.0066519 -0.00044346 1
1 0 0 0 0 1 7.45058e-009 0 0 0 1 0 -0.075 0.00332595 -0.00022173 1
1 0 0 0 0 1 7.45058e-009 0 0 0 1 0 -0.075 0.0066519 -0.00044346 1
1 0 0 0 0 1 7.45058e-009 0 0 0 1 0 -0.0725 0.00997785 -0.00066519 1
1 0 0 0 0 1 7.45058e-009 0 0 0 1 0 -0.0725 0.0066519 -0.00044346 1
1 0 0 0 0 1 7.45058e-009 0 0 0 1 0 -0.07 0.0066519 -0.00044346 1
1 0 0 0 0 1 7.45058e-009 0 0 0 1 0 -0.0625 0.00997785 -0.00066519 1
1 0 0 0 0 1 7.45058e-009 0 0 0 1 0 -0.0575 0.00997785 -0.00066519 1
1 0 0 0 0 1 7.45058e-009 0 0 0 1 0 -0.055 0.00997785 -0.00066519 1
1 0 0 0 0 1 7.45058e-009 0 0 0 1 0 -0.0425 0.00997785 -0.00066519 1
1 0 0 0 0 1 7.45058e-009 0 0 0 1 0 -0.045 0.00997785 -0.00066519 1
1 0 0 0 0 1 7.45058e-009 0 0 0 1 0 -0.0375 0.0133038 -0.00088692 1
1 0 0 0 0 1 7.45058e-009 0 0 0 1 0 -0.035 0.00997785 -0.00066519 1
1 0 0 0 0 1 7.45058e-009 0 0 0 1 0 -0.04 0.00997785 -0.00066519 1
1 0 0 0 0 1 7.45058e-009 0 0 0 1 0 -0.0325 0.0066519 -0.00044346 1
1 0 0 0 0 1 7.45058e-009 0 0 0 1 0 -0.0325 0.0066519 -0.00044346 1
1 0 0 0 0 1 7.45058e-009 0 0 0 1 0 -0.025 0.0066519 -0.00044346 1
1 0 0 0 0 1 7.45058e-009 0 0 0 1 0 -0.02 0.00332595 -0.00022173 1
1 0 0 0 0 1 7.45058e-009 0 0 0 1 0 -0.015 0 0 1
1 0 0 0 0 1 7.45058e-009 0 0 0 1 0 -0.0125 0.00332595 -0.00022173 1
1 0 0 0 0 1 7.45058e-009 0 0 0 1 0 -0.005 0.00332595 -0.00022173 1
1 0 0 0 0 1 7.45058e-009 0 0 0 1 0 -0.0025 0 0 1
1 0 0 0 0 1 7.45058e-009 0 0 0 1 0 0.005 -0.00332595 0.00022173 1
1 0 0 0 0 1 7.45058e-009 0 0 0 1 0 0.0075 -0.00332595 0.00022173 1
1 0 0 0 0 1 7.45058e-009 0 0 0 1 0 0.01 -0.00332595 0.00022173 1
1 0 0 0 0 1 7.45058e-009 0 0 0 1 0 0.01 -0.0066519 0.00044346 1
1 0 0 0 0 1 7.45058e-009 0 0 0 1 0 0.015 -0.0066519 0.00044346 1
1 0 0 0 0 1 7.45058e-009 0 0 0 1 0 0.0175 0 0 1
1 0 0 0 0 1 7.45058e-009 0 0 0 1 0 0.02 -0.0066519 0.00044346 1
1 0 0 0 0 1 7.45058e-009 0 0 0 1 0 0.0225 -0.00332595 0.00022173 1
1 0 0 0 0 1 7.45058e-009 0 0 0 1 0 0.03 -0.0066519 0.00044346 1
1 0 0 0 0 1 7.45058e-009 0 0 0 1 0 0.035 -0.00332595 0.00022173 1
1 0 0 0 0 1 7.45058e-009 0 0 0 1 0 0.0375 -0.00332595 0.00022173 1
1 0 0 0 0 1 7.45058e-009 0 0 0 1 0 0.0475 -0.00332595 0.00022173 1
1 0 0 0 0 1 7.45058e-009 0 0 0 1 0 0.05 -0.0066519 0.00044346 1
1 0 0 0 0 1 7.45058e-009 0 0 0 1 0 0.0525 -0.00332595 0.00022173 1
1 0 0 0 0 1 7.45058e-009 0 0 0 1 0 0.0575 0 0 1
1 0 0 0 0 1 7.45058e-009 0 0 0 1 0 0.06 -0.00332595 0.00022173 1
1 0 0 0 0 1 7.45058e-009 0 0 0 1 0 0.065 0 0 1
1 0 0 0 0 1 7.45058e-009 0 0 0 1 0 0.07 -0.00332595 0.00022173 1
1 0 0 0 0 1 7.45058e-009 0 0 0 1 0 0.065 0 0 1
1 0 0 0 0 1 7.45058e-009 0 0 0 1 0 0.07 0 0 1
1 0 0 0 0 1 7.45058e-009 0 0 0 1 0 0.0675 0.0066519 -0.00044346 1
1 0 0 0 0 1 7.45058e-009 0 0 0 1 0 0.0775 0.00332595 -0.00022173 1
1 0 0 0 0 1 7.45058e-009 0 0 0 1 0 0.0725 0.0066519 -0.00044346 1
1 0 0 0 0 1 7.45058e-009 0 0 0 1 0 0.07 0.0066519 -0.00044346 1
1 0 0 0 0 1 7.45058e-009 0 0 0 1 0 0.0675 0.0066519 -0.00044346 1
1 0 0 0 0 1 7.45058e-009 0 0 0 1 0 0.06 0.00997785 -0.00066519 1
1 0 0 0 0 1 7.45058e-009 0 0 0 1 0 0.0525 0.0066519 -0.00044346 1
1 0 0 0 0 1 7.45058e-009 0 0 0 1 0 0.0475 0.00997785 -0.00066519 1
1 0 0 0 0 1 7.45058e-009 0 0 0 1 0 0.0375 0.0066519 -0.00044346 1
1 0 0 0 0 1 7.45058e-009 0 0 0 1 0 0.025 0.00332595 -0.00022173 1
1 0 0 0 0 1 7.45058e-009 0 0 0 1 0 0.015 0.00332595 -0.00022173 1
1 0 0 0 0 1 7.45058e-009 0 0 0 1 0 0.01 0.00332595 -0.00022173 1
1 0 0 0 0 1 7.45058e-009 0 0 0 1 0 0.005 0.00332595 -0.00022173 1
1 0 0 0 0 1 7.45058e-009 0 0 0 1 0 0.0025 0 0 1
1 0 0 0 0 1 7.45058e-009 0 0 0 1 0 -0.005 0 0 1
1 0 0 0 0 1 7.45058e-009 0 0 0 1 0 -0.005 0 0 1
1 0 0 0 0 1 7.45058e-009 0 0 0 1 0 -0.01 0 0 1
1 0 0 0 0 1 7.45058e-009 0 0 0 1 0 -0.0125 -0.0066519 0.00044346 1
1 0 0 0 0 1 7.45058e-009 0 0 0 1 0 -0.02 -0.0066519 0.00044346 1
1 0 0 0 0 1 7.45058e-009 0 0 0 1 0 -0.025 -0.00997785 0.00066519 1
1 0 0 0 0 1 7.45058e-009 0 0 0 1 0 -0.0375 -0.0133038 0.00088692 1
1 0 0 0 0 1 7.45058e-009 0 0 0 1 0 -0.05 -0.0133038 0.00088692 1
1 0 0 0 0 1 7.45058e-009 0 0 0 1 0 -0.06 -0.0199557 0.00133038 1
1 0 0 0 0 1 7.45058e-009 0 0 0 1 0 -0.0625 -0.0133038 0.00088692 1
1 0 0 0 0 1 7.45058e-009 0 0 0 1 0 -0.07 -0.0166298 0.00110865 1
1 0 0 0 0 1 7.45058e-009 0 0 0 1 0 -0.09 -0.0166298 0.00110865 1
1 0 0 0 0 1 7.45058e-009 0 0 0 1 0 -0.1 -0.00997785 0.00066519 1
1 0 0 0 0 1 7.45058e-009 0 0 0 1 0 -0.105 -0.0066519 0.00044346 1
1 0 0 0 0 1 7.45058e-009 0 0 0 1 0 -0.0975 0 0 1
1 0 0 0 0 1 7.45058e-009 0 0 0 1 0 -0.1025 0 0 1
1 0 0 0 0 1 7.45058e-009 0 0 0 1 0 -0.095 0.0133038 -0.00088692 1
1 0 0 0 0 1 7.45058e-009 0 0 0 1 0 -0.0875 0.0133038 -0.00088692 1
1 0 0 0 0 1 7.45058e-009 0 0 0 1 0 -0.0825 0.0166298 -0.00110865 1
1 0 0 0 0 1 7.45058e-009 0 0 0 1 0 -0.075 0.0232817 -0.00155211 1
1 0 0 0 0 1 7.45058e-009 0 0 0 1 0 -0.06 0.0232817 -0.00155211 1
1 0 0 0 0 1 7.45058e-009 0 0 0 1 0 -0.055 0.0199557 -0.00133038 1
1 0 0 0 0 1 7.45058e-009 0 0 0 1 0 -0.0475 0.0199557 -0.00133038 1
1 0 0 0 0 1 7.45058e-009 0 0 0 1 0 -0.0425 0.0199557 -0.00133038 1
1 0 0 0 0 1 7.45058e-009 0 0 0 1 0 -0.035 0.0199557 -0.00133038 1
1 0 0 0 0 1 7.45058e-009 0 0 0 1 0 -0.03 0.0166298 -0.00110865 1
1 0 0 0 0 1 7.45058e-009 0 0 0 1 0 -0.0225 0.0133038 -0.00088692 1
1 0 0 0 0 1 7.45058e-009 0 0 0 1 0 -0.015 0.0066519 -0.00044346 1
1 0 0 0 0 1 7.45058e-009 0 0 0 1 0 -0.0075 0.00332595 -0.00022173 1
1 0 0 0 0 1 7.45058e-009 0 0 0 1 0 -0.0025 0.00332595 -0.00022173 1
1 0 0 0 0 1 7.45058e-009 0 0 0 1 0 0.0025 0 0 1
1 0 0 0 0 1 7.45058e-009 0 0 0 1 0 0.0025 0 0 1
1 0 0 0 0 1 7.45058e-009 0 0 0 1 0 0 -0.00332595 0.00022173 1
1 0 0 0 0 1 7.45058e-009 0 0 0 1 0 0.0075 0 0 1
1 0 0 0 0 1 7.45058e-009 0 0 0 1 0 0.0025 -0.00332595 0.00022173 1
1 0 0 0 0 1 7.45058e-009 0 0 0 1 0 0.005 -0.00332595 0.00022173 1
1 0 0 0 0 1 7.45058e-009 0 0 0 1 0 0.005 -0.00332595 0.00022173 1
1 0 0 0 0 1 7.45058e-009 0 0 0 1 0 0.0025 0 0 1
1 0 0 0 0 1 7.45058e-009 0 0 0 1 0 0.0075 -0.0066519 0.00044346 1
1 0 0 0 0 1 7.45058e-009 0 0 0 1 0 0.005 -0.00332595 0.00022173 1
1 0 0 0 0 1 7.45058e-009 0 0 0 1 0 0.0075 -0.00332595 0.00022173 1
1 0 0 0 0 1 7.45058e-009 0 0 0 1 0 0.0075 -0.0066519 0.00044346 1
1 0 0 0 0 1 7.45058e-009 0 0 0 1 0 0.0075 0 0 1
1 0 0 0 0 1 7.45058e-009 0 0 0 1 0 0.01 -0.00332595 0.00022173 1
1 0 0 0 0 1 7.45058e-009 0 0 0 1 0 0.0075 -0.00332595 0.00022173 1
1 0 0 0 0 1 7.45058e-009 0 0 0 1 0 0.015 -0.00332595 0.00022173 1
1 0 0 0 0 1 7.45058e-009 0 0 0 1 0 0.01 0 0 1
1 0 0 0 0 1 7.45058e-009 0 0 0 1 0 0.005 0 0 1
1 0 0 0 0 1 7.45058e-009 0 0 0 1 0 0.0125 0 0 1
1 0 0 0 0 1 7.45058e-009 0 0 0 1 0 0.0175 0 0 1
1 0 0 0 0 1 7.45058e-009 0 0 0 1 0 0.0275 0 0 1
1 0 0 0 0 1 7.45058e-009 0 0 0 1 0 0.0275 0 0 1
1 0 0 0 0 1 7.45058e-009 0 0 0 1 0 0.03 0.00332595 -0.00022173 1
1 0 0 0 0 1 7.45058e-009 0 0 0 1 0 0.0275 0.00332595 -0.00022173 1
1 0 0 0 0 1 7.45058e-009 0 0 0 1 0 0.0275 0 0 1
1 0 0 0 0 1 7.45058e-009 0 0 0 1 0 0.0375 0.00332595 -0.00022173 1
1 0 0 0 0 1 7.45058e-009 0 0 0 1 0 0.035 0 0 1
1 0 0 0 0 1 7.45058e-009 0 0 0 1 0 0.045 0 0 1
1 0 0 0 0 1 7.45058e-009 0 0 0 1 0 0.04 0.00332595 -0.00022173 1
1 0 0 0 0 1 7.45058e-009 0 0 0 1 0 0.0425 0.00332595 -0.00022173 1
1 0 0 0 0 1 7.45058e-009 0 0 0 1 0 0.0425 0.00997785 -0.00066519 1
1 0 0 0 0 1 7.45058e-009 0 0 0 1 0 0.04 0.0066519 -0.00044346 1
1 0 0 0 0 1 7.45058e-009 0 0 0 1 0 0.0475 0.00332595 -0.00022173 1
1 0 0 0 0 1 7.45058e-009 0 0 0 1 0 0.0475 0.0066519 -0.00044346 1
1 0 0 0 0 1 7.45058e-009 0 0 0 1 0 0.0475 0.00332595 -0.00022173 1
1 0 0 0 0 1 7.45058e-009 0 0 0 1 0 0.0425 0.0066519 -0.00044346 1
1 0 0 0 0 1 7.45058e-009 0 0 0 1 0 0.04 0.0066519 -0.00044346 1
1 0 0 0 0 1 7.45058e-009 0 0 0 1 0 0.0325 0.0133038 -0.00088692 1
1 0 0 0 0 1 7.45058e-009 0 0 0 1 0 0.03 0.00997785 -0.00066519 1
1 0 0 0 0 1 7.45058e-009 0 0 0 1 0 0.02 0.00332595 -0.00022173 1
1 0 0 0 0 1 7.45058e-009 0 0 0 1 0 0.0175 0.0066519 -0.00044346 1
1 0 0 0 0 1 7.45058e-009 0 0 0 1 0 0.01 0.00332595 -0.00022173 1
1 0 0 0 0 1 7.45058e-009 0 0 0 1 0 0.005 0 0 1
1 0 0 0 0 1 7.45058e-009 0 0 0 1 0 0.0025 0.00332595 -0.00022173 1
1 0 0 0 0 1 7.45058e-009 0 0 0 1 0 -0.005 0 0 1
1 0 0 0 0 1 7.45058e-009 0 0 0 1 0 -0.01 0.00332595 -0.00022173 1
1 0 0 0 0 1 7.45058e-009 0 0 0 1 0 -0.0125 0 0 1
1 0 0 0 0 1 7.45058e-009 0 0 0 1 0 -0.01 0.00332595 -0.00022173 1
1 0 0 0 0 1 7.45058e-009 0 0 0 1 0 -0.0125 0.00332595 -0.00022173 1
1 0 0 0 0 1 7.45058e-009 0 0 0 1 0 -0.0125 0.00332595 -0.00022173 1
1 0 0 0 0 1 7.45058e-009 0 0 0 1 0 -0.04 0.0133038 -0.00088692 1
1 0 0 0 0 1 7.45058e-009 0 0 0 1 0 -0.0525 0.0133038 -0.00088692 1
1 0 0 0 0 1 7.45058e-009 0 0 0 1 0 -0.065 0.0199557 -0.00133038 1
1 0 0 0 0 1 7.45058e-009 0 0 0 1 0 -0.065 0.0199557 -0.00133038 1
1 0 0 0 0 1 7.45058e-009 0 0 0 1 0 -0.03 0.00997785 -0.00066519 1
1 0 0 0 0 1 7.45058e-009 0 0 0 1 0 -0.03 0.00997785 -0.00066519 1
1 0 0 0 0 1 7.45058e-009 0 0 0 1 0 -0.0575 0.0199557 -0.00133038 1
1 0 0 0 0 1 7.45058e-009 0 0 0 1 0 -0.0475 0.0166298 -0.00110865 1
1 0 0 0 0 1 7.45058e-009 0 0 0 1 0 -0.04 0.0166298 -0.00110865 1
1 0 0 0 0 1 7.45058e-009 0 0 0 1 0 -0.035 0.0133038 -0.00088692 1
1 0 0 0 0 1 7.45058e-009 0 0 0 1 0 -0.0375 0.0133038 -0.00088692 1
1 0 0 0 0 1 7.45058e-009 0 0 0 1 0 -0.0375 0.0133038 -0.00088692 1
1 0 0 0 0 1 7.45058e-009 0 0 0 1 0 -0.0425 0.00997785 -0.00066519 1
1 0 0 0 0 1 7.45058e-009 0 0 0 1 0 -0.04 0.00997785 -0.00066519 1
1 0 0 0 0 1 7.45058e-009 0 0 0 1 0 -0.045 0.0066519 -0.00044346 1
1 0 0 0 0 1 7.45058e-009 0 0 0 1 0 -0.0475 0.0066519 -0.00044346 1
1 0 0 0 0 1 7.45058e-009 0 0 0 1 0 -0.05 0.00332595 -0.00022173 1
1 0 0 0 0 1 7.45058e-009 0 0 0 1 0 -0.0475 0.0066519 -0.00044346 1
1 0 0 0 0 1 7.45058e-009 0 0 0 1 0 -0.0425 0.00332595 -0.00022173 1
1 0 0 0 0 1 7.45058e-009 0 0 0 1 0 -0.0375 0.0066519 -0.00044346 1
1 0 0 0 0 1 7.45058e-009 0 0 0 1 0 -0.025 0.00332595 -0.00022173 1
1 0 0 0 0 1 7.45058e-009 0 0 0 1 0 -0.015 0.00332595 -0.00022173 1
1 0 0 0 0 1 7.45058e-009 0 0 0 1 0 -0.0025 0.00332595 -0.00022173 1
1 0 0 0 0 1 7.45058e-009 0 0 0 1 0 0.0025 -0.00332595 0.00022173 1
1 0 0 0 0 1 7.45058e-009 0 0 0 1 0 0.005 -0.0066519 0.00044346 1
1 0 0 0 0 1 7.45058e-009 0 0 0 1 0 0.0075 -0.00997785 0.00066519 1
1 0 0 0 0 1 7.45058e-009 0 0 0 1 0 0.0125 -0.00997785 0.00066519 1
1 0 0 0 0 1 7.45058e-009 0 0 0 1 0 0.02 -0.0133038 0.00088692 1
1 0 0 0 0 1 7.45058e-009 0 0 0 1 0 0.025 -0.0133038 0.00088692 1
1 0 0 0 0 1 7.45058e-009 0 0 0 1 0 0.0225 -0.0133038 0.00088692 1
1 0 0 0 0 1 7.45058e-009 0 0 0 1 0 0.03 -0.0166298 0.00110865 1
1 0 0 0 0 1 7.45058e-009 0 0 0 1 0 0.0325 -0.0199557 0.00133038 1
1 0 0 0 0 1 7.45058e-009 0 0 0 1 0 0.0325 -0.0199557 0.00133038 1
1 0 0 0 0 1 7.45058e-009 0 0 0 1 0 0.04 -0.0266076 0.00177384 1
1 0 0 0 0 1 7.45058e-009 0 0 0 1 0 0.035 -0.0199557 0.00133038 1
1 0 0 0 0 1 7.45058e-009 0 0 0 1 0 0.04 -0.0232817 0.00155211 1
1 0 0 0 0 1 7.45058e-009 0 0 0 1 0 0.0475 -0.0199557 0.00133038 1
1 0 0 0 0 1 7.45058e-009 0 0 0 1 0 0.055 -0.0199557 0.00133038 1
1 0 0 0 0 1 7.45058e-009 0 0 0 1 0 0.0575 -0.0166298 0.00110865 1
1 0 0 0 0 1 7.45058e-009 0 0 0 1 0 0.065 -0.0199557 0.00133038 1
1 0 0 0 0 1 7.45058e-009 0 0 0 1 0 0.06 -0.00997785 0.00066519 1
1 0 0 0 0 1 7.45058e-009 0 0 0 1 0 0.0625 -0.00997785 0.00066519 1
1 0 0 0 0 1 7.45058e-009 0 0 0 1 0 0.0625 -0.0066519 0.00044346 1
1 0 0 0 0 1 7.45058e-009 0 0 0 1 0 0.0575 -0.0066519 0.00044346 1
1 0 0 0 0 1 7.45058e-009 0 0 0 1 0 0.0475 -0.00332595 0.00022173 1
1 0 0 0 0 1 7.45058e-009 0 0 0 1 0 0.035 -0.00332595 0.00022173 1
1 0 0 0 0 1 7.45058e-009 0 0 0 1 0 0.02 -0.00332595 0.00022173 1
1 0 0 0 0 1 7.45058e-009 0 0 0 1 0 0.0125 0 0 1
1 0 0 0 0 1 7.45058e-009 0 0 0 1 0 0.0075 0 0 1
1 0 0 0 0 1 7.45058e-009 0 0 0 1 0 0.0025 0 0 1
1 0 0 0 0 1 7.45058e-009 0 0 0 1 0 -0.0025 -0.00332595 0.00022173 1
1 0 0 0 0 1 7.45058e-009 0 0 0 1 0 -0.0075 -0.00332595 0.00022173 1
1 0 0 0 0 1 7.45058e-009 0 0 0 1 0 -0.01 0 0 1
1 0 0 0 0 1 7.45058e-009 0 0 0 1 0 -0.0125 -0.00332595 0.00022173 1
1 0 0 0 0 1 7.45058e-009 0 0 0 1 0 -0.02 -0.0066519 0.00044346 1
1 0 0 0 0 1 7.45058e-009 0 0 0 1 0 -0.0275 -0.0066519 0.00044346 1
1 0 0 0 0 1 7.45058e-009 0 0 0 1 0 -0.0325 -0.00332595 0.00022173 1
1 0 0 0 0 1 7.45058e-009 0 0 0 1 0 -0.0375 -0.0066519 0.00044346 1
1 0 0 0 0 1 7.45058e-009 0 0 0 1 0 -0.0375 -0.00332595 0.00022173 1
1 0 0 0 0 1 7.45058e-009 0 0 0 1 0 -0.0425 -0.00332595 0.00022173 1
1 0 0 0 0 1 7.45058e-009 0 0 0 1 0 -0.04 0 0 1
1 0 0 0 0 1 7.45058e-009 0 0 0 1 0 -0.035 0 0 1
1 0 0 0 0 1 7.45058e-009 0 0 0 1 0 -0.035 0 0 1
1 0 0 0 0 1 7.45058e-009 0 0 0 1 0 -0.0375 0 0 1
1 0 0 0 0 1 7.45058e-009 0 0 0 1 0 -0.03 0.00332595 -0.00022173 1
1 0 0 0 0 1 7.45058e-009 0 0 0 1 0 -0.03 0.0066519 -0.00044346 1
1 0 0 0 0 1 7.45058e-009 0 0 0 1 0 -0.0325 0.00332595 -0.00022173 1
1 0 0 0 0 1 7.45058e-009 0 0 0 1 0 -0.03 0.00332595 -0.00022173 1
1 0 0 0 0 1 7.45058e-009 0 0 0 1 0 -0.03 0.0066519 -0.00044346 1
1 0 0 0 0 1 7.45058e-009 0 0 0 1 0 -0.03 0.00332595 -0.00022173 1
1 0 0 0 0 1 7.45058e-009 0 0 0 1 0 -0.0275 0.00332595 -0.00022173 1
1 0 0 0 0 1 7.45058e-009 0 0 0 1 0 -0.02 0.00332595 -0.00022173 1
1 0 0 0 0 1 7.45058e-009 0 0 0 1 0 -0.015 0.00332595 -0.00022173 1
1 0 0 0 0 1 7.45058e-009 0 0 0 1 0 -0.015 0 0 1
1 0 0 0 0 1 7.45058e-009 0 0 0 1 0 -0.015 0.00332595 -0.00022173 1
1 0 0 0 0 1 7.45058e-009 0 0 0 1 0 -0.015 0.00332595 -0.00022173 1
1 0 0 0 0 1 7.45058e-009 0 0 0 1 0 -0.015 0.00332595 -0.00022173 1
1 0 0 0 0 1 7.45058e-009 0 0 0 1 0 -0.0175 0 0 1
1 0 0 0 0 1 7.45058e-009 0 0 0 1 0 -0.03 0.0066519 -0.00044346 1
1 0 0 0 0 1 7.45058e-009 0 0 0 1 0 -0.03 0.00332595 -0.00022173 1
1 0 0 0 0 1 7.45058e-009 0 0 0 1 0 -0.035 0.00332595 -0.00022173 1
1 0 0 0 0 1 7.45058e-009 0 0 0 1 0 -0.0275 0.00332595 -0.00022173 1
1 0 0 0 0 1 7.45058e-009 0 0 0 1 0 -0.02 0.00332595 -0.00022173 1
1 0 0 0 0 1 7.45058e-009 0 0 0 1 0 -0.02 0.00332595 -0.00022173 1
1 0 0 0 0 1 7.45058e-009 0 0 0 1 0 -0.01 0.00332595 -0.00022173 1
1 0 0 0 0 1 7.45058e-009 0 0 0 1 0 -0.0075 0 0 1
1 0 0 0 0 1 7.45058e-009 0 0 0 1 0 0 0.00332595 -0.00022173 1